# Position (bp)	A	C	G	T	N
0.0	15.96185329483482	32.20721284901803	38.111023344594535	13.703767410195649	0.016143101356966835
1.0	17.86757391779187	30.761056705607437	29.778974432907745	21.586884194670827	0.0055107490221203695
2.0	18.723135996332168	31.708162539706564	30.019134821201536	19.549566642759732	0.0
3.0	20.493559248132176	29.933006392366977	31.14379655655304	18.429304114050417	3.3368889739177635E-4
4.0	20.025794400836094	29.772686842631916	31.655622512285696	18.545729470102955	1.6677414333681707E-4
5.0	20.80041469154816	29.913350356576952	31.49250066115078	17.792900907387775	8.333833363335134E-4
6.0	18.93374378367149	29.791273560669644	30.04578683874179	21.223141267089524	0.006054549827556423
7.0	18.320883255811886	31.989979964371233	30.527401276771553	19.16173550304533	0.0
8.0	18.28189075954476	31.47453907642635	29.904198511210332	20.339371652818556	0.0
9.0	20.536361895829806	29.42759391882705	30.851991309438915	19.184052875904225	0.0
10.0	18.530189085373568	31.703366079135815	32.181460712803705	17.584984122686915	0.0
11.0	18.28848376740791	31.842415287234683	31.092352610992414	18.776748334364996	0.0
12.0	18.959142231966897	31.030432887614246	30.811066786885497	19.19935809353336	0.0
13.0	18.87268897081243	31.019818721068827	30.844416109986973	19.263076198131774	0.0
14.0	19.051474834537654	30.992419380404336	30.67740079741157	19.27870498764644	0.0
15.0	18.97977852058577	30.956920275943382	30.864503289169313	19.19868710256679	1.108117347410856E-4
16.0	19.06874019516605	30.876031446373652	30.970146773378715	19.085081585081586	0.0
17.0	19.044762926952462	30.891714101213637	30.776298344193716	19.28722462764019	0.0
18.0	19.10586458355826	30.964312428611844	30.886688625012248	19.043134362817643	0.0
19.0	19.028454146015832	31.036418162918057	30.788442101464277	19.146021368008654	6.642215931797728E-4
20.0	18.94734745104289	31.06233661595536	30.7655614656033	19.22475446739845	0.0
21.0	18.97193030017179	30.95268788053987	30.91678123781097	19.158600581477373	0.0
22.0	18.925918345898765	31.017606354439202	30.777489531880057	19.278985767781975	0.0
23.0	19.062369002310536	30.851414470882705	30.797328670230357	19.2888878565764	0.0
24.0	19.02833023148317	30.850415625805184	30.934790373537957	19.18646376917369	0.0
25.0	19.05547435248227	30.829096891605325	30.904833192180032	19.210595563732376	0.0
26.0	19.07106830461398	30.852626197023504	30.73472715464231	19.341578343720204	0.0
27.0	18.903640053409262	30.846335629459983	31.014068565466136	19.23595575166462	0.0
28.0	18.8870137792926	30.825807107586346	31.031534996397138	19.25464946133885	9.94655385064255E-4
29.0	19.077419989325648	30.798156409086236	30.833848081655475	19.290023017261287	5.52502671350416E-4
30.0	19.03675743100697	30.73136454760446	30.987797609018575	19.244080412369996	0.0
31.0	18.96982745764322	30.815309309156707	30.946491874413823	19.267211428735553	0.0011599300506944666
32.0	19.08906599745622	30.802218600523222	30.779133491026357	19.329416228390155	1.6568260404453328E-4
33.0	19.006335408322673	30.862986096117307	30.902137185638562	19.228209988994625	3.3132092683716075E-4
34.0	18.989701332002287	30.844543782038397	30.9290224547625	19.236732431196817	0.0
35.0	19.030404280703653	30.73901432734994	30.835851334766197	19.39456442945943	1.6562772078037156E-4
36.0	19.02986434132064	30.806896985742977	30.957935541425748	19.20530313151064	0.0
37.0	19.03562770199556	30.83415763977514	30.913809929654278	19.216404728575025	0.0
38.0	19.056915361595074	30.777832604215305	30.78268971143264	19.382562322756982	0.0
39.0	19.1126961735533	30.7043483251983	30.98350033886781	19.199455162380595	0.0
40.0	19.00332053572266	30.77541159025351	30.978330151866086	19.242937722157745	0.0
41.0	19.132713593406315	30.744670166729392	30.79720421729231	19.325356839745762	5.5182826221554634E-5
42.0	19.015599220866648	30.802970859750477	30.912281282590342	19.26903827796079	1.1035883174140718E-4
43.0	18.97796123034854	30.754906347781418	30.972022134223355	19.29511028764669	0.0
44.0	19.058309324217408	30.76089127429095	30.852642694700045	19.328156706791592	0.0
45.0	19.046796763109867	30.697493771391876	30.971795273540163	19.28391419195809	0.0
46.0	18.972573833843168	30.791008917710467	30.990436838171	19.245980410275365	0.0
47.0	18.96277613939392	30.739501379662638	30.880501687480212	19.417220793463237	0.0
48.0	19.0537919591182	30.727600290373758	30.993537198069767	19.22507055243828	0.0
49.0	19.059985393632772	30.84447749141159	30.96279568516439	19.132686269794167	5.515999708755216E-5
50.0	19.024904951040064	30.827192083013195	30.827192083013195	19.320710882933547	0.0
51.0	19.109632447881992	30.68229264625501	30.973569936609547	19.23450496925345	0.0
52.0	19.06175680266856	30.738034936617264	31.072487524212516	19.125790353822598	0.0019303826790622973
53.0	19.096142539938516	30.613756520377112	30.96154673437895	19.32855420530543	0.0
54.0	19.04385045258988	30.66923078195773	31.17164884121218	19.11526992424021	0.0
55.0	18.984694645690396	30.648816210561264	31.052447847472575	19.314041296275768	0.0
56.0	19.209119620850363	30.634234093136296	30.94261854354524	19.213972595034196	5.514743390717915E-5
57.0	19.035896892935764	30.729463068595404	31.049191139815687	19.18329826140279	0.0021506372503606454
58.0	19.05713252177596	30.624251434268484	31.027125926677506	19.289890971332277	0.0015991459457790269
59.0	19.146475889347244	30.569017911841957	30.975360809222863	19.308924820774052	2.205688138856891E-4
60.0	18.985396485098725	30.61913300866374	31.067097647909943	19.3283728583276	0.0
61.0	18.98054486294062	30.764624436949045	31.05879771079707	19.19586756854072	1.6542077254809196E-4
62.0	19.069651263965486	30.71569019915328	30.81047520426472	19.396960042523677	0.007223290092844091
63.0	19.075416694925114	30.62338961313221	30.997062775657707	19.30368980881851	4.4110746646066945E-4
64.0	19.008983526617275	30.627523567077052	31.086045676874242	19.277392092092587	5.5137338840450744E-5
65.0	18.945580856812043	30.664332579809226	31.113745382367537	19.27617577328114	1.6540773005458456E-4
66.0	19.153622645046394	30.549971605476006	31.073974626873902	19.222431122603695	0.0
67.0	19.092842823526297	30.634680316606865	31.053209625236804	19.219212099692786	5.513493724541443E-5
68.0	19.209627639104674	30.543925441812615	30.955607577112527	19.29078420843124	5.51335389446779E-5
69.0	19.125387513238714	30.456183644474145	31.158683191008535	19.25709928663933	0.00264636463927569
70.0	19.027669352669022	30.49290789525914	31.203165866158578	19.276256885913263	0.0
71.0	19.12575476233532	30.57096199393985	31.004908987460688	19.298319123880262	5.513238388017308E-5
72.0	18.973774846413015	30.58099794188201	31.153665274923874	19.291396537532123	1.6539924897714347E-4
73.0	19.123407788610454	30.49701971218762	31.193642346716832	19.185489077607677	4.410748774225348E-4
74.0	19.10674175268588	30.480796055888877	31.10762170143273	19.30484048999251	0.0
75.0	19.242937342241856	30.4778534857589	31.11373803960315	19.165471132396092	0.0
76.0	19.102057245573697	30.544059021057677	31.13377334458174	19.219779553261763	3.308355251186872E-4
77.0	19.141848676291133	30.53956899988586	31.091429129149496	19.227098052774107	5.514189940683858E-5
78.0	19.173470501886474	30.47983995041463	31.08030161494355	19.266387932755354	0.0
79.0	19.062563936274113	30.570183347864617	31.27353061689302	19.093666951777642	5.5147190609095204E-5
80.0	19.148527814805846	30.451431152516367	31.078503123502294	19.31872518529508	0.0028127238804118047
81.0	19.189430529747593	30.31409139520736	31.244612042220076	19.251810877786916	5.515503805421851E-5
82.0	18.986815316803618	30.436082445225622	31.337658175656408	19.239388903199615	5.515911474033571E-5
83.0	19.064270386857974	30.453329361598847	31.180542914039528	19.301857337503655	0.0
84.0	18.98693535200405	30.500618422025312	31.404529651708685	19.10791657426195	0.0
85.0	19.10174969352502	30.50603957085779	31.17029857449135	19.22174664808507	1.6551304077248248E-4
86.0	19.182736607463074	30.428605322254036	31.254255430674416	19.133575003172606	8.276364358664525E-4
87.0	19.253922172920493	30.304928216965376	31.260453471670026	19.172915527395755	0.007780611048357325
88.0	19.088589208412344	30.38790201346134	31.41234787561175	19.111160902514566	0.0
89.0	19.231161949967575	30.302209098560844	31.27150800987954	19.19512094159204	0.0
90.0	19.195374890432948	30.259770510841893	31.287437709612536	19.257416889112623	0.0
91.0	19.030337691473694	30.43827243639993	31.317555407855252	19.21267518863071	0.001159275640416986
92.0	19.055374682751804	30.432362987700955	31.262439414358585	19.248332255825858	0.001490659362803853
93.0	19.159457756717167	30.38663905130064	31.241714147832027	19.21218904415017	0.0
94.0	19.09050797982637	30.456645640045526	31.285083100527423	19.16776327960068	0.0
95.0	19.17090175659122	30.495408871652753	31.121090250769605	19.21259912098642	0.0
96.0	19.28399214562085	30.2786868494384	31.2460679773869	19.191142558086227	1.1046946762001818E-4
97.0	19.159504735768113	30.37144817391477	31.39626994043969	19.070070365349622	0.0027067845277986774
98.0	19.174743871931547	30.286702113553794	31.32613125071822	19.212367516154412	5.5247642030638135E-5
99.0	19.142165665629715	30.222677769243944	31.47083363263141	19.16426767746534	5.525502958906834E-5
100.0	19.076018809210524	30.362539851310196	31.374344515371043	19.18704156141426	5.5262693978963705E-5
101.0	19.115057454111327	30.35970308466951	31.272999607576534	19.25223985364263	0.0
102.0	19.17169105107708	30.26294478032472	31.40986981284249	19.15543907693209	5.527882362241026E-5
103.0	19.106905123113055	30.332319001472847	31.458680719880753	19.102039868549667	5.5286983674859455E-5
104.0	19.133728517396207	30.288978345977746	31.306706332529693	19.27058680409635	0.0
105.0	19.214011715881036	30.23359865143484	31.3457335256484	19.206656107035723	0.0
106.0	19.124879346632632	30.35613831785006	31.320148351785114	19.198833983732193	0.0
107.0	19.169208350184146	30.325267257122846	31.405139281306138	19.10032978723993	5.5324146943147246E-5
108.0	19.190055114101686	30.330020584784968	31.285774364195756	19.194149936917597	0.0
109.0	19.15870418993053	30.32618850481069	31.442853916962953	19.072253388295824	0.0
110.0	19.125601385698936	30.342721343981825	31.280636695225393	19.250929860893145	1.107142007015959E-4
111.0	19.19262444395966	30.2374653530254	31.448766772568565	19.12114343044637	0.0
112.0	19.100017832834347	30.250191342989645	31.403787428184078	19.24600339599193	0.0
113.0	19.111957028106	30.260409367447473	31.41336518077875	19.214157637099763	1.1078656801492075E-4
114.0	19.180816081159325	30.19998947278021	31.385742265956356	19.233119741584456	3.32438519651272E-4
115.0	19.115466042985247	30.287972333373975	31.407606105279495	19.188955518361283	0.0
116.0	19.101960127770308	30.33436038898763	31.378897055317978	19.184449808244754	3.326196793324545E-4
117.0	19.23228989393705	30.257746221919824	31.390629618107944	19.119057006271063	2.772597641184831E-4
118.0	19.153440738189293	30.345255250158353	31.406934834915784	19.092705189090008	0.0016639876465557118
119.0	19.10960123970725	30.344032077924453	31.373903452194096	19.172407747393557	5.548278064161397E-5
120.0	19.198229807563166	30.16236753803616	31.446556238685165	19.192013932440098	8.324832754109969E-4
121.0	19.1181940621499	30.30254411083809	31.495876770568128	19.08188610404506	0.0014989523988234888
122.0	19.116056954703804	30.327730014400284	31.342469618067607	19.213743412828304	0.0
123.0	19.162320011244176	30.126280316636883	31.594745236641568	19.116654435477376	0.0
124.0	19.10145953639171	30.29147935958902	31.47981529470542	19.127245809313848	0.0
125.0	19.139159518848224	30.25717691378808	31.378830300375167	19.22483326698853	0.0
126.0	19.069086022552003	30.25414805919609	31.474690595470577	19.20207532278133	0.0
127.0	19.082793729860505	30.176061804420655	31.647277666397912	19.093866799320928	0.0
128.0	19.030054515525485	30.1680779394434	31.593787245270878	19.208080299760237	0.0
129.0	19.09303609131348	30.021681632543945	31.755655297129703	19.129515591226877	1.1138778599510228E-4
130.0	19.024375294278258	30.160895330274233	31.664423883274967	19.149636836254523	6.686559180227844E-4
131.0	18.927902227608925	30.215468772387172	31.56478976337962	19.291839236624284	0.0
132.0	18.990757779524316	30.067756202618213	31.6461683747492	19.295317643108273	0.0
133.0	18.961366137662992	30.29915235886228	31.62871219714744	19.11076930632728	0.0
134.0	19.21337855096225	30.04276986084578	31.555881428253123	19.18791431732121	5.584261763387012E-5
135.0	19.115090631630295	29.95260970704741	31.76585697306727	19.166386810065003	5.5878190016020275E-5
136.0	19.047613722521298	30.144100340177893	31.83542859954509	18.97285733775572	0.0
137.0	19.104945075234117	30.113340726011746	31.604763242200484	19.176950956553654	0.0
138.0	18.620361453877678	30.519114057286185	32.460305018699756	18.400163482856698	5.598727969005442E-5
139.0	17.576549435883702	31.37474948552437	32.344367269208725	18.704333809383204	0.0
140.0	19.07469526042911	30.18892787970343	30.183600754993762	20.5527761048737	0.0
141.0	20.156049441473883	29.424726237173378	31.95763923304315	18.461585088309594	0.0
142.0	19.218818728621272	29.696550585107907	32.463812405939215	18.62064975037905	1.6852995254758305E-4
143.0	20.930858960286468	29.45292678099077	30.472869019127995	19.137665772947294	0.005679466647472694
144.0	17.73945277267624	30.66930007195322	30.642219086858457	20.94840875284463	6.193156674477551E-4
145.0	18.348227333716263	30.926219120669053	30.601669467167557	20.123714807070126	1.6927137700008238E-4
146.0	18.26557672699573	30.558740497364795	30.68093646546462	20.494236215688353	5.100944865020498E-4
147.0	19.48373604023541	29.450731866685686	32.25769713925484	18.807547360816486	2.875930075786509E-4
148.0	21.136400830649606	29.466780087772204	31.36026101504179	18.031064352213015	0.00549371432338547
149.0	13.409449600892145	37.23913805625919	33.0337581469813	16.29952652682237	0.01812766904500089
150.0	11.34020618556701	36.08247422680412	19.587628865979383	32.98969072164948	0.0
151.0	8.333333333333332	43.75	15.625	32.29166666666667	0.0
152.0	13.541666666666666	14.583333333333334	29.166666666666668	42.70833333333333	0.0
153.0	11.458333333333332	17.708333333333336	31.25	39.58333333333333	0.0
154.0	14.583333333333334	11.458333333333332	44.79166666666667	29.166666666666668	0.0
155.0	10.416666666666668	18.75	58.333333333333336	12.5	0.0
156.0	35.41666666666667	16.666666666666664	25.0	22.916666666666664	0.0
157.0	12.5	19.791666666666664	20.833333333333336	46.875	0.0
158.0	17.708333333333336	12.5	52.083333333333336	17.708333333333336	0.0
159.0	11.458333333333332	15.625	42.70833333333333	30.208333333333332	0.0
160.0	10.416666666666668	50.0	18.75	20.833333333333336	0.0
161.0	10.416666666666668	47.91666666666667	18.75	22.916666666666664	0.0
162.0	22.58064516129032	37.634408602150536	17.20430107526882	22.58064516129032	0.0
163.0	13.043478260869565	31.521739130434785	20.652173913043477	34.78260869565217	0.0
164.0	11.956521739130435	22.82608695652174	38.04347826086957	27.173913043478258	0.0
165.0	14.130434782608695	25.0	14.130434782608695	46.73913043478261	0.0
166.0	6.521739130434782	36.95652173913043	20.652173913043477	35.869565217391305	0.0
167.0	11.956521739130435	15.217391304347828	53.2608695652174	19.565217391304348	0.0
168.0	6.521739130434782	16.304347826086957	56.52173913043478	20.652173913043477	0.0
169.0	6.521739130434782	38.04347826086957	17.391304347826086	38.04347826086957	0.0
170.0	8.695652173913043	52.17391304347826	28.26086956521739	10.869565217391305	0.0
171.0	23.91304347826087	18.478260869565215	16.304347826086957	41.30434782608695	0.0
172.0	8.695652173913043	42.391304347826086	30.434782608695656	18.478260869565215	0.0
173.0	29.347826086956523	20.652173913043477	31.521739130434785	18.478260869565215	0.0
174.0	20.652173913043477	21.73913043478261	17.391304347826086	40.21739130434783	0.0
175.0	7.608695652173914	22.82608695652174	26.08695652173913	43.47826086956522	0.0
176.0	19.565217391304348	33.69565217391305	31.521739130434785	15.217391304347828	0.0
177.0	7.608695652173914	31.521739130434785	41.30434782608695	19.565217391304348	0.0
178.0	9.782608695652174	47.82608695652174	14.130434782608695	28.26086956521739	0.0
179.0	30.434782608695656	26.08695652173913	28.26086956521739	15.217391304347828	0.0
180.0	16.304347826086957	25.0	33.69565217391305	25.0	0.0
181.0	6.521739130434782	55.434782608695656	22.82608695652174	15.217391304347828	0.0
182.0	28.26086956521739	31.521739130434785	9.782608695652174	30.434782608695656	0.0
183.0	13.043478260869565	47.82608695652174	11.956521739130435	27.173913043478258	0.0
184.0	13.043478260869565	41.30434782608695	19.565217391304348	26.08695652173913	0.0
185.0	14.130434782608695	23.91304347826087	54.347826086956516	7.608695652173914	0.0
186.0	14.130434782608695	23.91304347826087	34.78260869565217	27.173913043478258	0.0
187.0	9.782608695652174	44.565217391304344	16.304347826086957	29.347826086956523	0.0
188.0	13.043478260869565	53.2608695652174	16.304347826086957	17.391304347826086	0.0
189.0	39.130434782608695	22.82608695652174	25.0	13.043478260869565	0.0
190.0	18.478260869565215	43.47826086956522	16.304347826086957	21.73913043478261	0.0
191.0	15.217391304347828	56.52173913043478	15.217391304347828	13.043478260869565	0.0
192.0	7.608695652173914	50.0	9.782608695652174	32.608695652173914	0.0
193.0	14.130434782608695	50.0	13.043478260869565	22.82608695652174	0.0
194.0	27.173913043478258	28.26086956521739	21.73913043478261	22.82608695652174	0.0
195.0	23.91304347826087	41.30434782608695	13.043478260869565	21.73913043478261	0.0
196.0	7.608695652173914	41.30434782608695	17.391304347826086	33.69565217391305	0.0
197.0	31.521739130434785	20.652173913043477	35.869565217391305	11.956521739130435	0.0
198.0	10.869565217391305	46.73913043478261	36.95652173913043	5.434782608695652	0.0
199.0	33.69565217391305	35.869565217391305	10.869565217391305	19.565217391304348	0.0
200.0	9.782608695652174	39.130434782608695	35.869565217391305	15.217391304347828	0.0
201.0	36.95652173913043	32.608695652173914	11.956521739130435	18.478260869565215	0.0
202.0	15.217391304347828	56.52173913043478	20.652173913043477	7.608695652173914	0.0
203.0	13.043478260869565	31.521739130434785	33.69565217391305	21.73913043478261	0.0
204.0	8.695652173913043	30.434782608695656	41.30434782608695	19.565217391304348	0.0
205.0	13.043478260869565	23.91304347826087	11.956521739130435	51.08695652173913	0.0
206.0	16.304347826086957	26.08695652173913	50.0	7.608695652173914	0.0
207.0	35.869565217391305	15.217391304347828	16.304347826086957	32.608695652173914	0.0
208.0	9.782608695652174	53.2608695652174	27.173913043478258	9.782608695652174	0.0
209.0	15.217391304347828	57.608695652173914	16.304347826086957	10.869565217391305	0.0
210.0	14.130434782608695	31.521739130434785	20.652173913043477	33.69565217391305	0.0
211.0	16.304347826086957	40.21739130434783	7.608695652173914	35.869565217391305	0.0
212.0	23.91304347826087	29.347826086956523	38.04347826086957	8.695652173913043	0.0
213.0	18.478260869565215	27.173913043478258	38.04347826086957	16.304347826086957	0.0
214.0	16.304347826086957	22.82608695652174	14.130434782608695	46.73913043478261	0.0
215.0	33.69565217391305	13.043478260869565	28.26086956521739	25.0	0.0
216.0	15.217391304347828	34.78260869565217	35.869565217391305	14.130434782608695	0.0
217.0	19.565217391304348	51.08695652173913	15.217391304347828	14.130434782608695	0.0
218.0	40.21739130434783	28.26086956521739	16.304347826086957	15.217391304347828	0.0
219.0	28.26086956521739	26.08695652173913	36.95652173913043	8.695652173913043	0.0
220.0	17.391304347826086	35.869565217391305	17.391304347826086	29.347826086956523	0.0
221.0	22.82608695652174	23.91304347826087	20.652173913043477	32.608695652173914	0.0
222.0	29.347826086956523	32.608695652173914	20.652173913043477	17.391304347826086	0.0
223.0	17.391304347826086	31.521739130434785	39.130434782608695	11.956521739130435	0.0
224.0	27.173913043478258	20.652173913043477	36.95652173913043	15.217391304347828	0.0
225.0	32.608695652173914	19.565217391304348	26.08695652173913	21.73913043478261	0.0
226.0	16.304347826086957	47.82608695652174	10.869565217391305	25.0	0.0
227.0	31.521739130434785	17.391304347826086	30.434782608695656	20.652173913043477	0.0
228.0	15.217391304347828	20.652173913043477	38.04347826086957	26.08695652173913	0.0
229.0	23.91304347826087	15.217391304347828	18.478260869565215	42.391304347826086	0.0
230.0	34.78260869565217	42.391304347826086	14.130434782608695	8.695652173913043	0.0
231.0	14.130434782608695	19.565217391304348	30.434782608695656	35.869565217391305	0.0
232.0	17.391304347826086	21.73913043478261	17.391304347826086	43.47826086956522	0.0
233.0	23.91304347826087	16.304347826086957	46.73913043478261	13.043478260869565	0.0
234.0	16.304347826086957	33.69565217391305	35.869565217391305	14.130434782608695	0.0
235.0	13.043478260869565	31.521739130434785	17.391304347826086	38.04347826086957	0.0
236.0	31.521739130434785	9.782608695652174	39.130434782608695	19.565217391304348	0.0
237.0	15.217391304347828	16.304347826086957	45.65217391304348	22.82608695652174	0.0
238.0	19.565217391304348	22.82608695652174	16.304347826086957	41.30434782608695	0.0
239.0	13.043478260869565	22.82608695652174	41.30434782608695	22.82608695652174	0.0
240.0	31.521739130434785	10.869565217391305	15.217391304347828	42.391304347826086	0.0
241.0	15.217391304347828	40.21739130434783	26.08695652173913	18.478260869565215	0.0
242.0	26.08695652173913	33.69565217391305	23.91304347826087	16.304347826086957	0.0
243.0	36.95652173913043	21.73913043478261	26.08695652173913	15.217391304347828	0.0
244.0	21.73913043478261	43.47826086956522	11.956521739130435	22.82608695652174	0.0
245.0	43.47826086956522	14.130434782608695	28.26086956521739	14.130434782608695	0.0
246.0	8.695652173913043	43.47826086956522	26.08695652173913	21.73913043478261	0.0
247.0	33.69565217391305	22.82608695652174	10.869565217391305	32.608695652173914	0.0
248.0	18.478260869565215	20.652173913043477	41.30434782608695	19.565217391304348	0.0
249.0	8.695652173913043	18.478260869565215	42.391304347826086	30.434782608695656	0.0
250.0	7.608695652173914	21.73913043478261	14.130434782608695	56.52173913043478	0.0
251.0	19.565217391304348	43.47826086956522	13.043478260869565	23.91304347826087	0.0
252.0	10.869565217391305	19.565217391304348	28.26086956521739	41.30434782608695	0.0
253.0	17.391304347826086	16.304347826086957	36.95652173913043	29.347826086956523	0.0
254.0	17.391304347826086	17.391304347826086	54.347826086956516	10.869565217391305	0.0
255.0	36.95652173913043	16.304347826086957	22.82608695652174	23.91304347826087	0.0
256.0	10.869565217391305	47.82608695652174	19.565217391304348	21.73913043478261	0.0
257.0	36.95652173913043	15.217391304347828	30.434782608695656	17.391304347826086	0.0
258.0	9.782608695652174	18.478260869565215	51.08695652173913	20.652173913043477	0.0
259.0	17.391304347826086	23.91304347826087	19.565217391304348	39.130434782608695	0.0
260.0	11.956521739130435	56.52173913043478	14.130434782608695	17.391304347826086	0.0
261.0	18.478260869565215	41.30434782608695	19.565217391304348	20.652173913043477	0.0
262.0	11.956521739130435	41.30434782608695	31.521739130434785	15.217391304347828	0.0
263.0	13.043478260869565	19.565217391304348	32.608695652173914	34.78260869565217	0.0
264.0	13.043478260869565	26.08695652173913	20.652173913043477	40.21739130434783	0.0
265.0	6.521739130434782	34.78260869565217	22.82608695652174	35.869565217391305	0.0
266.0	17.391304347826086	30.434782608695656	34.78260869565217	17.391304347826086	0.0
267.0	6.521739130434782	34.78260869565217	42.391304347826086	16.304347826086957	0.0
268.0	9.782608695652174	50.0	11.956521739130435	28.26086956521739	0.0
269.0	6.521739130434782	26.08695652173913	44.565217391304344	22.82608695652174	0.0
270.0	27.173913043478258	21.73913043478261	17.391304347826086	33.69565217391305	0.0
271.0	10.869565217391305	44.565217391304344	27.173913043478258	17.391304347826086	0.0
272.0	25.0	27.173913043478258	25.0	22.82608695652174	0.0
273.0	25.0	18.478260869565215	16.304347826086957	40.21739130434783	0.0
274.0	4.3478260869565215	18.478260869565215	27.173913043478258	50.0	0.0
275.0	9.782608695652174	39.130434782608695	33.69565217391305	17.391304347826086	0.0
276.0	27.173913043478258	33.69565217391305	22.82608695652174	16.304347826086957	0.0
277.0	8.695652173913043	57.608695652173914	15.217391304347828	18.478260869565215	0.0
278.0	8.695652173913043	34.78260869565217	20.652173913043477	35.869565217391305	0.0
279.0	9.782608695652174	36.95652173913043	35.869565217391305	17.391304347826086	0.0
280.0	4.3478260869565215	56.52173913043478	28.26086956521739	10.869565217391305	0.0
281.0	6.521739130434782	46.73913043478261	11.956521739130435	34.78260869565217	0.0
282.0	15.217391304347828	43.47826086956522	10.869565217391305	30.434782608695656	0.0
283.0	5.434782608695652	50.0	25.0	19.565217391304348	0.0
284.0	14.130434782608695	41.30434782608695	34.78260869565217	9.782608695652174	0.0
285.0	30.434782608695656	30.434782608695656	25.0	14.130434782608695	0.0
286.0	9.782608695652174	34.78260869565217	18.478260869565215	36.95652173913043	0.0
287.0	4.3478260869565215	39.130434782608695	39.130434782608695	17.391304347826086	0.0
288.0	36.95652173913043	32.608695652173914	22.82608695652174	7.608695652173914	0.0
289.0	10.869565217391305	44.565217391304344	33.69565217391305	10.869565217391305	0.0
290.0	25.0	47.82608695652174	9.782608695652174	17.391304347826086	0.0
291.0	4.3478260869565215	54.347826086956516	10.869565217391305	30.434782608695656	0.0
292.0	13.043478260869565	43.47826086956522	19.565217391304348	23.91304347826087	0.0
293.0	26.08695652173913	28.26086956521739	22.82608695652174	22.82608695652174	0.0
294.0	13.043478260869565	27.173913043478258	42.391304347826086	17.391304347826086	0.0
295.0	6.521739130434782	44.565217391304344	13.043478260869565	35.869565217391305	0.0
296.0	46.73913043478261	19.565217391304348	25.0	8.695652173913043	0.0
297.0	8.695652173913043	29.347826086956523	52.17391304347826	9.782608695652174	0.0
298.0	11.956521739130435	43.47826086956522	10.869565217391305	33.69565217391305	0.0
299.0	21.73913043478261	32.608695652173914	32.608695652173914	13.043478260869565	0.0
300.0	34.78260869565217	35.869565217391305	16.304347826086957	13.043478260869565	0.0
301.0	14.130434782608695	67.3913043478261	13.043478260869565	5.434782608695652	0.0
302.0	17.391304347826086	28.26086956521739	23.91304347826087	30.434782608695656	0.0
303.0	7.608695652173914	29.347826086956523	44.565217391304344	18.478260869565215	0.0
304.0	10.869565217391305	28.26086956521739	13.043478260869565	47.82608695652174	0.0
305.0	16.304347826086957	35.869565217391305	38.04347826086957	9.782608695652174	0.0
306.0	17.391304347826086	25.0	26.08695652173913	31.521739130434785	0.0
307.0	15.217391304347828	56.52173913043478	17.391304347826086	10.869565217391305	0.0
308.0	16.304347826086957	55.434782608695656	15.217391304347828	13.043478260869565	0.0
309.0	9.782608695652174	44.565217391304344	15.217391304347828	30.434782608695656	0.0
310.0	9.782608695652174	44.565217391304344	14.130434782608695	31.521739130434785	0.0
311.0	29.347826086956523	25.0	39.130434782608695	6.521739130434782	0.0
312.0	8.695652173913043	42.391304347826086	32.608695652173914	16.304347826086957	0.0
313.0	15.217391304347828	23.91304347826087	16.304347826086957	44.565217391304344	0.0
314.0	9.782608695652174	18.478260869565215	54.347826086956516	17.391304347826086	0.0
315.0	11.956521739130435	51.08695652173913	22.82608695652174	14.130434782608695	0.0
316.0	19.565217391304348	51.08695652173913	15.217391304347828	14.130434782608695	0.0
317.0	14.130434782608695	25.0	45.65217391304348	15.217391304347828	0.0
318.0	28.26086956521739	28.26086956521739	32.608695652173914	10.869565217391305	0.0
319.0	11.956521739130435	41.30434782608695	21.73913043478261	25.0	0.0
320.0	13.043478260869565	45.65217391304348	32.608695652173914	8.695652173913043	0.0
321.0	27.173913043478258	29.347826086956523	19.565217391304348	23.91304347826087	0.0
322.0	19.565217391304348	23.91304347826087	34.78260869565217	21.73913043478261	0.0
323.0	11.956521739130435	43.47826086956522	32.608695652173914	11.956521739130435	0.0
324.0	28.26086956521739	26.08695652173913	17.391304347826086	28.26086956521739	0.0
325.0	11.956521739130435	45.65217391304348	21.73913043478261	20.652173913043477	0.0
326.0	10.869565217391305	31.521739130434785	46.73913043478261	10.869565217391305	0.0
327.0	11.956521739130435	26.08695652173913	34.78260869565217	27.173913043478258	0.0
328.0	21.73913043478261	20.652173913043477	14.130434782608695	43.47826086956522	0.0
329.0	17.391304347826086	40.21739130434783	30.434782608695656	11.956521739130435	0.0
330.0	13.043478260869565	23.91304347826087	26.08695652173913	36.95652173913043	0.0
331.0	9.782608695652174	19.565217391304348	23.91304347826087	46.73913043478261	0.0
332.0	22.82608695652174	17.391304347826086	41.30434782608695	18.478260869565215	0.0
333.0	14.130434782608695	36.95652173913043	35.869565217391305	13.043478260869565	0.0
334.0	16.304347826086957	41.30434782608695	18.478260869565215	23.91304347826087	0.0
335.0	21.73913043478261	32.608695652173914	26.08695652173913	19.565217391304348	0.0
336.0	9.782608695652174	19.565217391304348	45.65217391304348	25.0	0.0
337.0	9.782608695652174	20.652173913043477	27.173913043478258	42.391304347826086	0.0
338.0	10.869565217391305	17.391304347826086	43.47826086956522	28.26086956521739	0.0
339.0	26.08695652173913	6.521739130434782	19.565217391304348	47.82608695652174	0.0
340.0	7.608695652173914	30.434782608695656	39.130434782608695	22.82608695652174	0.0
341.0	14.130434782608695	14.130434782608695	35.869565217391305	35.869565217391305	0.0
342.0	35.869565217391305	19.565217391304348	25.0	19.565217391304348	0.0
343.0	16.304347826086957	43.47826086956522	17.391304347826086	22.82608695652174	0.0
344.0	42.391304347826086	16.304347826086957	28.26086956521739	13.043478260869565	0.0
345.0	9.782608695652174	38.04347826086957	23.91304347826087	28.26086956521739	0.0
346.0	11.956521739130435	39.130434782608695	22.82608695652174	26.08695652173913	0.0
347.0	15.217391304347828	42.391304347826086	22.82608695652174	19.565217391304348	0.0
348.0	8.695652173913043	16.304347826086957	41.30434782608695	33.69565217391305	0.0
349.0	9.782608695652174	19.565217391304348	17.391304347826086	53.2608695652174	0.0
350.0	13.043478260869565	31.521739130434785	28.26086956521739	27.173913043478258	0.0
351.0	10.869565217391305	20.652173913043477	30.434782608695656	38.04347826086957	0.0
352.0	11.956521739130435	10.869565217391305	47.82608695652174	29.347826086956523	0.0
353.0	11.956521739130435	11.956521739130435	61.95652173913043	14.130434782608695	0.0
354.0	33.69565217391305	15.217391304347828	25.0	26.08695652173913	0.0
355.0	10.869565217391305	42.391304347826086	18.478260869565215	28.26086956521739	0.0
356.0	20.652173913043477	11.956521739130435	51.08695652173913	16.304347826086957	0.0
357.0	7.608695652173914	16.304347826086957	50.0	26.08695652173913	0.0
358.0	11.956521739130435	45.65217391304348	19.565217391304348	22.82608695652174	0.0
359.0	11.956521739130435	50.0	18.478260869565215	19.565217391304348	0.0
360.0	21.73913043478261	36.95652173913043	18.478260869565215	22.82608695652174	0.0
361.0	10.869565217391305	43.47826086956522	22.82608695652174	22.82608695652174	0.0
362.0	25.0	36.95652173913043	29.347826086956523	8.695652173913043	0.0
363.0	8.695652173913043	26.08695652173913	19.565217391304348	45.65217391304348	0.0
364.0	9.782608695652174	21.73913043478261	21.73913043478261	46.73913043478261	0.0
365.0	13.043478260869565	15.217391304347828	52.17391304347826	19.565217391304348	0.0
366.0	7.608695652173914	15.217391304347828	54.347826086956516	22.82608695652174	0.0
367.0	6.521739130434782	39.130434782608695	17.391304347826086	36.95652173913043	0.0
368.0	10.869565217391305	50.0	26.08695652173913	13.043478260869565	0.0
369.0	21.73913043478261	18.478260869565215	21.73913043478261	38.04347826086957	0.0
370.0	11.956521739130435	41.30434782608695	27.173913043478258	19.565217391304348	0.0
371.0	26.08695652173913	23.91304347826087	31.521739130434785	18.478260869565215	0.0
372.0	25.0	14.130434782608695	19.565217391304348	41.30434782608695	0.0
373.0	9.782608695652174	28.26086956521739	23.91304347826087	38.04347826086957	0.0
374.0	23.91304347826087	34.78260869565217	25.0	16.304347826086957	0.0
375.0	7.608695652173914	26.08695652173913	44.565217391304344	21.73913043478261	0.0
376.0	10.869565217391305	36.95652173913043	18.478260869565215	33.69565217391305	0.0
377.0	30.434782608695656	27.173913043478258	28.26086956521739	14.130434782608695	0.0
378.0	9.782608695652174	32.608695652173914	33.69565217391305	23.91304347826087	0.0
379.0	11.956521739130435	52.17391304347826	19.565217391304348	16.304347826086957	0.0
380.0	29.347826086956523	27.173913043478258	11.956521739130435	31.521739130434785	0.0
381.0	8.695652173913043	44.565217391304344	10.869565217391305	35.869565217391305	0.0
382.0	8.695652173913043	44.565217391304344	22.82608695652174	23.91304347826087	0.0
383.0	20.652173913043477	19.565217391304348	52.17391304347826	7.608695652173914	0.0
384.0	9.782608695652174	30.434782608695656	38.04347826086957	21.73913043478261	0.0
385.0	15.384615384615385	37.362637362637365	10.989010989010989	36.26373626373626	0.0
386.0	10.989010989010989	43.956043956043956	27.472527472527474	17.582417582417584	0.0
387.0	40.65934065934066	21.978021978021978	24.175824175824175	13.186813186813188	0.0
388.0	9.89010989010989	51.64835164835166	16.483516483516482	21.978021978021978	0.0
389.0	24.175824175824175	45.05494505494506	14.285714285714285	16.483516483516482	0.0
390.0	5.4945054945054945	51.64835164835166	13.186813186813188	29.67032967032967	0.0
391.0	15.384615384615385	50.54945054945055	12.087912087912088	21.978021978021978	0.0
392.0	28.57142857142857	27.472527472527474	20.87912087912088	23.076923076923077	0.0
393.0	25.274725274725274	40.65934065934066	12.087912087912088	21.978021978021978	0.0
394.0	2.197802197802198	41.75824175824176	20.87912087912088	35.16483516483517	0.0
395.0	23.076923076923077	20.87912087912088	35.16483516483517	20.87912087912088	0.0
396.0	13.186813186813188	49.45054945054945	30.76923076923077	6.593406593406594	0.0
397.0	28.235294117647058	35.294117647058826	14.117647058823529	22.35294117647059	0.0
398.0	8.235294117647058	51.76470588235295	21.176470588235293	18.823529411764707	0.0
399.0	34.11764705882353	32.94117647058823	10.588235294117647	22.35294117647059	0.0
400.0	11.76470588235294	62.35294117647059	18.823529411764707	7.0588235294117645	0.0
401.0	31.76470588235294	37.64705882352941	14.117647058823529	16.470588235294116	0.0
402.0	20.0	29.411764705882355	25.882352941176475	24.705882352941178	0.0
403.0	12.941176470588237	38.82352941176471	14.117647058823529	34.11764705882353	0.0
404.0	36.58536585365854	24.390243902439025	29.268292682926827	9.75609756097561	0.0
405.0	24.390243902439025	24.390243902439025	17.073170731707318	34.146341463414636	0.0
406.0	13.414634146341465	41.46341463414634	31.70731707317073	13.414634146341465	0.0
407.0	15.584415584415584	42.857142857142854	23.376623376623375	18.181818181818183	0.0
408.0	13.88888888888889	40.27777777777778	23.61111111111111	22.22222222222222	0.0
409.0	8.333333333333332	54.166666666666664	13.88888888888889	23.61111111111111	0.0
410.0	39.436619718309856	26.76056338028169	28.169014084507044	5.633802816901409	0.0
411.0	13.636363636363635	37.878787878787875	30.303030303030305	18.181818181818183	0.0
412.0	17.1875	25.0	14.0625	43.75	0.0
413.0	34.92063492063492	25.396825396825395	22.22222222222222	17.46031746031746	0.0
414.0	24.59016393442623	18.0327868852459	39.34426229508197	18.0327868852459	0.0
415.0	10.344827586206897	37.93103448275862	15.517241379310345	36.206896551724135	0.0
416.0	24.137931034482758	20.689655172413794	41.37931034482759	13.793103448275861	0.0
417.0	39.285714285714285	30.357142857142854	23.214285714285715	7.142857142857142	0.0
418.0	7.547169811320755	49.056603773584904	24.528301886792452	18.867924528301888	0.0
419.0	21.153846153846153	28.846153846153843	23.076923076923077	26.923076923076923	0.0
420.0	8.0	42.0	34.0	16.0	0.0
421.0	17.94871794871795	41.02564102564102	17.94871794871795	23.076923076923077	0.0
422.0	28.947368421052634	34.21052631578947	28.947368421052634	7.894736842105263	0.0
423.0	25.71428571428571	14.285714285714285	37.142857142857146	22.857142857142858	0.0
424.0	5.714285714285714	31.428571428571427	22.857142857142858	40.0	0.0
425.0	41.17647058823529	20.588235294117645	23.52941176470588	14.705882352941178	0.0
426.0	17.647058823529413	26.47058823529412	35.294117647058826	20.588235294117645	0.0
427.0	18.75	12.5	34.375	34.375	0.0
428.0	28.125	25.0	43.75	3.125	0.0
429.0	20.689655172413794	27.586206896551722	31.03448275862069	20.689655172413794	0.0
430.0	21.428571428571427	50.0	3.571428571428571	25.0	0.0
431.0	18.51851851851852	22.22222222222222	29.629629629629626	29.629629629629626	0.0
432.0	8.0	20.0	52.0	20.0	0.0
433.0	21.052631578947366	5.263157894736842	31.57894736842105	42.10526315789473	0.0
434.0	42.10526315789473	5.263157894736842	36.84210526315789	15.789473684210526	0.0
435.0	10.526315789473683	31.57894736842105	36.84210526315789	21.052631578947366	0.0
436.0	27.77777777777778	22.22222222222222	5.555555555555555	44.44444444444444	0.0
437.0	0.0	22.22222222222222	72.22222222222221	5.555555555555555	0.0
438.0	35.714285714285715	0.0	28.57142857142857	35.714285714285715	0.0
439.0	0.0	38.46153846153847	46.15384615384615	15.384615384615385	0.0
440.0	30.76923076923077	23.076923076923077	7.6923076923076925	38.46153846153847	0.0
441.0	7.6923076923076925	46.15384615384615	38.46153846153847	7.6923076923076925	0.0
442.0	11.11111111111111	22.22222222222222	22.22222222222222	44.44444444444444	0.0
443.0	0.0	22.22222222222222	55.55555555555556	22.22222222222222	0.0
444.0	40.0	60.0	0.0	0.0	0.0
445.0	60.0	40.0	0.0	0.0	0.0
446.0	20.0	40.0	20.0	20.0	0.0
447.0	0.0	40.0	60.0	0.0	0.0
448.0	40.0	20.0	20.0	20.0	0.0
449.0	0.0	40.0	20.0	40.0	0.0
450.0	20.0	40.0	20.0	20.0	0.0
451.0	0.0	40.0	0.0	60.0	0.0
452.0	20.0	40.0	20.0	20.0	0.0
453.0	20.0	0.0	60.0	20.0	0.0
454.0	0.0	40.0	60.0	0.0	0.0
455.0	20.0	40.0	20.0	20.0	0.0
456.0	20.0	40.0	40.0	0.0	0.0
457.0	20.0	20.0	40.0	20.0	0.0
458.0	20.0	20.0	20.0	40.0	0.0
459.0	20.0	0.0	60.0	20.0	0.0
460.0	20.0	40.0	20.0	20.0	0.0
461.0	0.0	60.0	20.0	20.0	0.0
462.0	20.0	20.0	20.0	40.0	0.0
463.0	20.0	40.0	20.0	20.0	0.0
464.0	25.0	50.0	25.0	0.0	0.0
465.0	25.0	50.0	0.0	25.0	0.0
466.0	0.0	50.0	0.0	50.0	0.0
467.0	0.0	25.0	25.0	50.0	0.0
468.0	0.0	0.0	66.66666666666666	33.33333333333333	0.0
469.0	0.0	33.33333333333333	33.33333333333333	33.33333333333333	0.0
470.0	0.0	66.66666666666666	0.0	33.33333333333333	0.0
471.0	33.33333333333333	33.33333333333333	0.0	33.33333333333333	0.0
472.0	0.0	33.33333333333333	33.33333333333333	33.33333333333333	0.0
473.0	33.33333333333333	0.0	66.66666666666666	0.0	0.0
474.0	0.0	0.0	66.66666666666666	33.33333333333333	0.0
475.0	0.0	33.33333333333333	33.33333333333333	33.33333333333333	0.0
476.0	0.0	100.0	0.0	0.0	0.0
477.0	33.33333333333333	0.0	33.33333333333333	33.33333333333333	0.0
478.0	0.0	66.66666666666666	33.33333333333333	0.0	0.0
479.0	33.33333333333333	66.66666666666666	0.0	0.0	0.0
480.0	0.0	66.66666666666666	33.33333333333333	0.0	0.0
481.0	0.0	100.0	0.0	0.0	0.0
482.0	33.33333333333333	66.66666666666666	0.0	0.0	0.0
483.0	33.33333333333333	33.33333333333333	33.33333333333333	0.0	0.0
484.0	0.0	33.33333333333333	0.0	66.66666666666666	0.0
485.0	0.0	0.0	33.33333333333333	66.66666666666666	0.0
486.0	0.0	0.0	100.0	0.0	0.0
487.0	0.0	33.33333333333333	33.33333333333333	33.33333333333333	0.0
488.0	0.0	66.66666666666666	33.33333333333333	0.0	0.0
489.0	33.33333333333333	33.33333333333333	33.33333333333333	0.0	0.0
490.0	66.66666666666666	33.33333333333333	0.0	0.0	0.0
491.0	33.33333333333333	66.66666666666666	0.0	0.0	0.0
492.0	33.33333333333333	33.33333333333333	33.33333333333333	0.0	0.0
493.0	33.33333333333333	33.33333333333333	0.0	33.33333333333333	0.0
494.0	33.33333333333333	33.33333333333333	0.0	33.33333333333333	0.0
495.0	0.0	66.66666666666666	33.33333333333333	0.0	0.0
